3.7242813110351562
3.155113697052002
3.268867015838623
4.585374593734741
8.416175842285156e-05
0.00010943412780761719
4.994305372238159
1.5569472312927246
38.265721797943115
3.577704906463623
2.2895262241363525
1.4654161930084229
5.835049629211426
4.526006698608398
2.7856295108795166
13.020709037780762
2.9566822052001953
23.211586952209473
1.3041441440582275
1.8506131172180176
1.4746358394622803
5.078847169876099
1.616405963897705
3.2823591232299805
1.8444373607635498
1.9499707221984863
3.0125505924224854
2.9862189292907715
3.5653862953186035
1.6920607089996338
1.7894070148468018
7.3521459102630615
2.528618812561035
14.787386894226074
3.7263407707214355
7.302301406860352
2.9319348335266113
5.416032552719116
16.303130388259888
2.8766415119171143
183.9610812664032
632.395828962326
164.3410873413086
6.613779306411743
2.710529327392578
82.86821556091309
251.64291262626648
79.58116555213928
7.426113605499268
4.985985517501831
97.59220910072327
465.31491565704346
2.224045753479004
73.15861201286316
2.4334588050842285
263.0883843898773
2.1543593406677246
12.825246572494507
36.71383714675903
232.42564487457275
115.12447905540466
1.979400396347046
18.670419216156006
100.53059983253479
21.91280746459961
13.618271112442017
3.4016497135162354
97.81557250022888
45.024837017059326
264.58601117134094
31.971129417419434
50.139291286468506
65.42083930969238
21.550431489944458
94.45827126502991
23.495664358139038
4.007556438446045
2.0312716960906982
2.746441602706909
2.8370041847229004
3.1710047721862793
7.762639045715332
10.215376377105713
2.4898204803466797
83.24362182617188
112.59155011177063
2.1990349292755127
9.154603958129883
2.791656732559204
78.12388849258423
13.077009201049805
2.909562349319458
2.6700124740600586
35.80464196205139
516.7825975418091
4.42068076133728
3.001521110534668
42.79596757888794
40.15470004081726
26.5936176776886
8.033640384674072
25.856587886810303
118.23111486434937
41.10861349105835
212.4970338344574
17.571664333343506
79.62447810173035
5.213866472244263
16.529383182525635
137.30382680892944
5.792596101760864
5.470146656036377
167.64259552955627
78.75532364845276
9.178141593933105
52.24148964881897
5801.458648443222
24.938352823257446
35.19984459877014
27.42352318763733
6.657979249954224
19.630953311920166
41.65958094596863
446.45097970962524
57.938257932662964
278.41100692749023
17.050691604614258
330.0168435573578
223.78748321533203
180.97298860549927
494.29569840431213
622.0953907966614
25.254345655441284
154.83510732650757
159.9203703403473
5.541268825531006
1165.5232269763947
18.559765338897705
63.86980056762695
58.09800624847412
35.88841891288757
28.796727895736694
81.4242012500763
35.01752781867981
2.065537452697754
1731.8350491523743
12.068709135055542
30.81049633026123
9.358379364013672
1.7644238471984863
162.77371406555176
18.44580316543579
72.29783749580383
15.387314796447754
130.46679520606995
36.083104610443115
10.754027128219604
397.78576731681824
1043.0705120563507
44.97584939002991
33.9295392036438
3.2021005153656006
50.60413455963135
42.00396108627319
6.511700630187988
85.53244924545288
11.465049266815186
10.302262783050537
114.44843292236328
43.19011044502258
10.369224071502686
45.06158208847046
25.1854407787323
149.53728675842285
51.383254051208496
52.839080572128296
52.557032108306885
56.25105571746826
22.234968185424805
21.208295822143555
8.71472716331482
230.7188835144043
14.574939727783203
25.98138689994812
15.36383867263794
13.831799983978271
42.04353380203247
31.0933039188385
5.6516196727752686
18.711426973342896
121.53848791122437
59.8272750377655
28.069963455200195
74.63846755027771
46.576483726501465
44.467177867889404
402.7096149921417
62077.62457704544
46.6953558921814
30.848780632019043
36.170692443847656
26.11925435066223
48.47333765029907
32.009576082229614
957.7337410449982
12.13460397720337
24.793037176132202
688.428284406662
13.972711563110352
1304.0061402320862
74.8760495185852
31.309674501419067
67.21266770362854
39.526063680648804
78.7993381023407
38.8594172000885
431.5924184322357
9.21225643157959
79.17695999145508
26.804853677749634
41.10848617553711
37.64517164230347
79.49860644340515
56.442288875579834
79.91647481918335
120.35187602043152
23.05130624771118
28.052852869033813
58.9251971244812
26.38925051689148
11.477173089981079
243.6516387462616
50.00072479248047
24.581406354904175
38.86565923690796
6.673046112060547
8.270011901855469
7.7062647342681885
61.36168622970581
10.469135761260986
38.84215021133423
50.4516282081604
5.69941258430481
12.860960483551025
10.883723020553589
27.288209676742554
9.970423936843872
56.06663465499878
24.019055128097534
182.02686381340027
26.945910930633545
102.61784553527832
168.9078974723816
46.267289876937866
148.87593841552734
42.144736528396606
5.8074328899383545
8.158594369888306
59.89375185966492
110.81902122497559
72.90471363067627
19.768496990203857
17.487069368362427
2170.0866928100586
450.2426931858063
20.686455488204956
10.556028366088867
43.53598070144653
27.338605165481567
123.96387028694153
27.83965539932251
14.360816478729248
30.871275186538696
26.192891836166382
50.33470106124878
30.072746992111206
32.035205364227295
38.830480098724365
26.59774422645569
16.47736930847168
36.85421395301819
202.42350721359253
20.618931770324707
11.2340829372406
60.429036140441895
44.90710973739624
14.038532018661499
82.5773024559021
16.16670060157776
51.80809259414673
11.881417751312256
95.30139112472534
5.388277053833008
40.01008152961731
107.7428686618805
179.3035249710083
29.09873938560486
14.27568769454956
9.404792547225952
62.32717967033386
15.74867558479309
45.091228008270264
18.055074453353882
19.977343797683716
11.268475770950317
32.36848711967468
51.18448066711426
45.94900131225586
95.69264507293701
24.575615644454956
45.23443651199341
24.153709173202515
23.103962182998657
103.75965428352356
35.119598150253296
77.07090139389038
62.933449029922485
66.20820355415344
33.133527994155884
76.16656541824341
14.44964075088501
97.63470101356506
71.96119832992554
19.62617516517639
92.48247408866882
24.844223499298096
381.5257875919342
55.76190233230591
16.9760844707489
6.182359218597412
112.14728903770447
92.03130459785461
34.00406789779663
45.054358959198
50.53995609283447
54.0254487991333
29.463138103485107
10.35573410987854
51.239267110824585
1.7850229740142822
96.88885855674744
448.6005585193634
53.64894485473633
128.18062472343445
21.7724871635437
132.07138776779175
219.24349331855774
52.50916886329651
24.924440622329712
266.08351016044617
80.47863936424255
724.8573489189148
15.450777292251587
47.62154006958008
42.73618507385254
9.942651987075806
24.31881356239319
183.986163854599
35.53979277610779
10.999719619750977
11.289242267608643
3.81803035736084
11.14159893989563
21.231645345687866
16.714367866516113
22.35176110267639
1456.758587360382
7390.3112885952
11.031753063201904
9.843287706375122
62.17970108985901
93.26671171188354
105.20413613319397
10.453254699707031
1.7821874618530273
35.02100586891174
84.24450540542603
9.510761499404907
55.82995295524597
45.520235776901245
27.998166799545288
14.160591125488281
18.768791437149048
10.084815979003906
12.840171337127686
19.286641120910645
8.318588495254517
58.40817451477051
4.990178346633911
41.9155216217041
5.594107151031494
54.9339382648468
5.850068092346191
23.150319576263428
72.40407395362854
66.33519148826599
165.54332518577576
7.413628578186035
8.006621837615967
16.240403413772583
5.028049945831299
79.98080968856812
12.263946294784546
29.238786697387695
32.068313121795654
5.7200562953948975
60.41626811027527
64.25007724761963
62.48710608482361
23.873335123062134
18.487404108047485
70.07209014892578
4.543111801147461
106.32848238945007
311.24407982826233
54.71845579147339
60422.220621585846
135.46055245399475
3204.4414751529694
87.34661173820496
110.64236187934875
50.570438861846924
23.315131425857544
95.69753813743591
77.62221097946167
83.99199724197388
14.414988040924072
1.5786287784576416
3.6024253368377686
1.5857884883880615
1.6228232383728027
3.9248294830322266
52.792656898498535
26.61088991165161
58.60487151145935
65.30311131477356
143.39510798454285
54.98130917549133
239.1430835723877
32.141000747680664
137.605651140213
22.14867115020752
15.076282501220703
10.75887656211853
36.40362477302551
21.00319480895996
76.50935053825378
39.81470775604248
149.36755752563477
46.40047073364258
39.822887897491455
10.498015642166138
12.315287351608276
144.73740482330322
86.84036016464233
37.87434124946594
89.63563966751099
62.46498155593872
26.35011625289917
87.84917664527893
250.24269723892212
1.9112353324890137
173.9847764968872
69.8926682472229
77.844393491745
137.7333106994629
120.48624324798584
143.54890060424805
123.33974719047546
274.43816208839417
96.56835579872131
224.25847029685974
16.481090545654297
55.79762625694275
1567.5994646549225
236.08215022087097
20.715675830841064
98.6316511631012
75.54688596725464
38.55099010467529
54.11749863624573
135.7735412120819
7.319678544998169
2.661454916000366
22.979274034500122
32.364580154418945
28.180213689804077
34.956045150756836
90.53670740127563
232.80117392539978
5.648724794387817
57.623249530792236
7.061357259750366
7.19609808921814
30.03165340423584
46.729451179504395
161.95851373672485
51.84472584724426
105.47432923316956
764.5958712100983
149.87395691871643
2052.774069547653
80.40019178390503
116.67655491828918
499.68114018440247
102.00963163375854
1880.0181767940521
90.60173344612122
56803.390865564346
37.242154359817505
27.909873485565186
81.61141014099121
147.2569441795349
49.43614101409912
35.361724853515625
124.35149145126343
51.23371744155884
105.7618134021759
55.36360764503479
62.313719034194946
76.26583170890808
63.89832544326782
29.430325746536255
106.65310406684875
118.8035478591919
61.897924184799194
42.078450202941895
21.80386209487915
17.47789430618286
40.655152320861816
79.11457109451294
72.08173322677612
155.76935505867004
44.63593554496765
7.83312201499939
101.9820990562439
21.850270986557007
31.087305784225464
60.9445116519928
40.887730836868286
215.86524987220764
67.46563577651978
108.980947971344
28.599761247634888
72.1265811920166
59.870654821395874
54.337220430374146
12.893561601638794
33.17081665992737
35.69340634346008
225.0438597202301
40.09037232398987
81.36835312843323
41.74486207962036
35.61544227600098
49.533560037612915
402.3848383426666
64.84270334243774
114.05854964256287
88.43331623077393
28.520945072174072
28.984852075576782
74.16379404067993
12.580993175506592
49.59756803512573
16.46978759765625
93.53371691703796
19.373932361602783
29.389570951461792
128.33143305778503
83.40201139450073
58.996821880340576
84.93285703659058
19.185314416885376
144.67390871047974
57.349021673202515
60.499682903289795
19.167495012283325
30.356649160385132
7.4651854038238525
32.97838068008423
23.062664270401
10.104313850402832
36.08937907218933
90.8241662979126
94.12035489082336
49.812309980392456
64.50826478004456
109.63125944137573
8758.478724479675
82.09105849266052
105.95391464233398
107.07303857803345
7.178919553756714
82.46764326095581
50.34450340270996
43.37437891960144
338.0113363265991
143.250572681427
35.74973678588867
33.31917595863342
187.14167666435242
80.07629466056824
1.907069206237793
1.5250012874603271
2.9238741397857666
4.185535669326782
9.27223515510559
0.005936145782470703
0.005423545837402344
4.493846654891968
8.773617506027222
5.590188980102539
21.233038425445557
43.28974103927612
10.728752374649048
64.6283028125763
63.17946815490723
34.04418683052063
153.2216694355011
26.7343533039093
50.13621258735657
5.70920729637146
31.756311416625977
47.024559020996094
8.669657945632935
44.26587796211243
46.47606015205383
32.610777378082275
19.346248149871826
12.598314762115479
45.23227143287659
6.639198303222656
7.910595893859863
36.2214879989624
108.87349772453308
35.961435079574585
17.388155698776245
38.68183875083923
39.57611107826233
44.585885524749756
21.2226243019104
6.9686503410339355
2.761873722076416
12.836533546447754
4.144989967346191
505.5954647064209
51.247087240219116
59.705891847610474
14.394185304641724
11.053118467330933
61.21617555618286
50.39454674720764
42.53898000717163
120.42316555976868
176.86598467826843
148.9589855670929
284.1707100868225
5.802458763122559
107.41787838935852
30.421613454818726
70.68186140060425
187.4836769104004
0.007380962371826172
0.00889134407043457
5.217611074447632
0.007421016693115234
0.010957479476928711
4.723912954330444
5.259039640426636
2.2608630657196045
1.6653196811676025
1.346287727355957
1.3500573635101318
19.467018604278564
1.650782823562622
1.5773727893829346
1.3850820064544678
1.6440160274505615
0.008515119552612305
1.3666398525238037
0.010564327239990234
0.011476516723632812
1.412339210510254
2.2304258346557617
0.01098012924194336
1.3235366344451904
1.392317295074463
0.011100053787231445
1.3520231246948242
1.261828899383545
0.012152910232543945
120.27550625801086
6.688943386077881
113.65200662612915
18.82899022102356
39.429916858673096
18.67313838005066
113.20844793319702
55.086682081222534
3.5914106369018555
89.57259154319763
15.37192678451538
32.67871928215027
32.42357635498047
1.5159645080566406
0.010214567184448242
1.5824122428894043
1.4241797924041748
1.5067470073699951
0.010015487670898438
1.325249433517456
0.01098179817199707
1.4282283782958984
116.85589957237244
1.6205782890319824
1.3483388423919678
1.8629930019378662
1.6292593479156494
1.4202756881713867
1.9942233562469482
0.011666297912597656
0.010256767272949219
1.7818856239318848
1.8359131813049316
1.4801735877990723
26.443623065948486
40.13224697113037
1.5373737812042236
2.8948047161102295
1.455216884613037
1.8086655139923096
1.3923819065093994
1.3293204307556152
1.2574667930603027
1.2969002723693848
1.5172760486602783
1.5703456401824951
1.6385407447814941
1.7723970413208008
26.37629461288452
1.6573388576507568
1.5560193061828613
1.4973556995391846
1.6411590576171875
2.564922571182251
1.5709149837493896
1.7627346515655518
45.81979179382324
1.3493473529815674
1.318143606185913
1.973332166671753
1.849123477935791
1.8382916450500488
206.71638321876526
2.450714111328125
88.75128746032715
7.8055548667907715
217.634765625
1.9008660316467285
1.6700503826141357
1.748291254043579
1.9802260398864746
1.6421148777008057
1.4393360614776611
120.65400385856628
2.6666271686553955
1.5457680225372314
1.5149824619293213
1.808429479598999
1.701157808303833
1.7900340557098389
1.872061014175415
1.4978930950164795
1.424295425415039
0.03704714775085449
3.4887683391571045
0.011737585067749023
1.637730360031128
1.263035535812378
5.0447704792022705
1.3373184204101562
1.8998782634735107
0.011182308197021484
1.4115688800811768
1.5977683067321777
1.507025957107544
1.3412396907806396
2.4593303203582764
43.989412784576416
1.4676322937011719
1.5844871997833252
9.001701831817627
258.11939120292664
6.8365159034729
21.540753602981567
30.398993015289307
1.3818745613098145
67.32609581947327
21.58281421661377
4.239427089691162
5.8065736293792725
1.716059684753418
1.4612665176391602
2.623119354248047
1.3082401752471924
10.59398078918457
1.3915507793426514
1.678802251815796
1.9111802577972412
3.385767936706543
0.0017430782318115234
1.5796153545379639
5.133283376693726
1.268752098083496
2.812880754470825
1.5356996059417725
0.002004861831665039
0.0020868778228759766
1.32867431640625
1.2203867435455322
1.6642229557037354
1.4381086826324463
1.6397600173950195
1.9978618621826172
2.5217444896698
1.4521410465240479
2.168095588684082
1.5590808391571045
1.3156638145446777
2.540027141571045
1.7926075458526611
4.0086939334869385
1.4839792251586914
1.2707960605621338
0.0023326873779296875
1.4288294315338135
1.4234893321990967
1.470937728881836
1.2386908531188965
1.494523048400879
1.9332618713378906
1.4085602760314941
12.274582624435425
9.118055820465088
1.3475532531738281
5.057640552520752
1.6360514163970947
0.0015168190002441406
1.5675547122955322
1.6173632144927979
1.4502041339874268
1.2205982208251953
0.001973867416381836
1.8299999237060547
0.001873016357421875
4.9316675662994385
4.06036114692688
1.6025381088256836
1.543419361114502
1.5032422542572021
0.00010275840759277344
1.5776300430297852
1.4263215065002441
1.5515258312225342
